% -------------------------------------------------------------------
%  Generated by MATLAB on 8-May-2024 15:36:48
%  MATLAB version: 23.2.0.2380103 (R2023b) Update 1
% -------------------------------------------------------------------
                                       

A_ptob = ...
  [0.004521111793928956 0.994865050863062 -0.1011092978879006;
   -0.99864921571968768 -0.00074181308631260379 -0.051953764596974331;
   -0.051761988858617533 0.10120760981557861 0.99351784897143047];

B0 = 3.08E-5;

N = 2;

Re = 6731.8;

S = [0.2; 3];

areas = [26.28; 12; 3; 7.5; 17.1; 53.959999999999994; 53.959999999999994; ...
         4.5; 26.28; 20.099999999999998];

centroids = ...
  [4.3010958904109584 0 1.6972602739726026;
   8.04 1.25 2.4;
   7.4399999999999995 1.25 4.8;
   0 1.25 1.5;
   3.42 1.25 3;
   4.02 9.6 2.3;
   4.02 9.6 2.3;
   6.84 1.25 3.9;
   4.3010958904109584 0 1.6972602739726026;
   4.02 1.25 0];

deltaI = [1; 1];

i = 2;

m_hatb = ...
  [0 1;
   1 0;
   0 0];

m_sat = ...
  [-3.7648188495912917E-6 2.5566284890075348E-7;
   -2.7965694522781214E-9 5.6258293262509019E-5;
   -1.9586107832764767E-7 -5.71759609728903E-6];

m_satb = ...
  [0 5.65486677954E-5;
   3.7699111863600003E-6 0;
   0 0];

mhat_ecef = [0; 0.17364817766693033; 0.984807753012208];

mu0 = 1.25663706212E-6;

ncoils = [15; 15];

normalVectors = ...
  [0 -1 0;
   1 0 0;
   0 0 1;
   -1 0 0;
   0 0 1;
   0 0 1;
   -0 -0 -1;
   -1 0 0;
   -0 1 -0;
   0 0 -1];

rcm = [4.0589427088161676 1.9583333333333333 1.8041264948549178];

